Number of roles = 453
Role 1 Capabilities: 1 2 3 4 8 
Users: 1 5 6 191 208 1761 1769 1785 1802 1818 1838 

Role 2 Capabilities: 1 2 3 4 
Users: 2 3 4 7 8 9 51 66 67 68 72 97 98 143 144 145 175 176 177 191 192 193 208 209 210 225 226 227 228 279 280 281 282 283 284 316 317 318 319 320 321 322 344 345 359 360 374 375 376 377 470 471 472 494 495 512 513 514 527 528 529 530 531 562 563 564 565 566 585 586 587 597 598 599 613 628 629 630 631 632 633 659 660 661 662 678 679 680 693 724 725 726 748 749 750 763 764 765 766 799 800 801 824 825 826 847 848 849 870 871 872 876 877 878 879 908 909 910 911 951 964 976 988 989 990 1001 1016 1029 1030 1031 1032 1045 1046 1047 1060 1061 1062 1063 1084 1085 1086 1107 1108 1109 1128 1129 1130 1143 1144 1145 1146 1162 1163 1164 1165 1183 1196 1197 1198 1199 1200 1201 1219 1220 1221 1234 1254 1255 1256 1280 1281 1282 1295 1309 1324 1325 1326 1327 1353 1370 1386 1387 1388 1401 1402 1403 1416 1417 1418 1432 1433 1434 1455 1456 1457 1472 1473 1474 1515 1516 1517 1533 1534 1535 1536 1549 1550 1551 1552 1570 1571 1572 1588 1589 1590 1605 1606 1607 1623 1624 1625 1638 1640 1642 1644 1646 1648 1650 1652 1654 1656 1658 1672 1673 1687 1700 1701 1716 1717 1761 1762 1763 1769 1770 1771 1785 1786 1787 1788 1802 1803 1804 1818 1819 1820 1838 1839 1840 1857 1858 1859 1884 1885 1886 1911 1912 1944 1945 1946 1965 1966 1967 1981 1982 1983 2030 2031 2032 

Role 3 Capabilities: 9 10 11 12 13 14 15 16 17 18 19 20 21 22 23 24 
Users: 3 4 8 9 

Role 4 Capabilities: 5 6 7 25 26 27 
Users: 5 6 14 16 

Role 5 Capabilities: 7 27 
Users: 10 11 12 13 15 

Role 6 Capabilities: 29 30 
Users: 17 18 19 20 21 22 23 24 25 26 27 28 29 30 31 32 33 34 37 38 39 40 41 42 43 44 45 46 47 48 49 50 

Role 7 Capabilities: 7 28 29 30 
Users: 10 11 12 13 31 32 33 34 

Role 8 Capabilities: 5 6 7 
Users: 1 5 6 35 

Role 9 Capabilities: 7 
Users: 36 

Role 10 Capabilities: 34 35 36 37 
Users: 52 

Role 11 Capabilities: 16 17 
Users: 53 68 72 98 145 225 280 281 282 283 284 322 345 360 376 377 436 438 472 495 514 531 564 565 566 600 613 632 633 662 680 726 750 766 772 773 801 826 849 872 879 911 951 964 976 1016 1031 1032 1047 1062 1063 1086 1130 1145 1146 1164 1165 1183 1198 1199 1200 1201 1221 1234 1254 1256 1295 1309 1326 1353 1370 1403 1418 1457 1474 1535 1536 1552 1572 1590 1607 1625 1687 1700 1701 1716 1717 1763 1771 1787 1788 1804 1840 1859 1912 1967 1983 2032 

Role 12 Capabilities: 33 
Users: 54 55 56 57 58 59 60 61 62 

Role 13 Capabilities: 31 32 33 
Users: 51 58 

Role 14 Capabilities: 38 39 40 41 
Users: 63 

Role 15 Capabilities: 42 43 
Users: 64 65 

Role 16 Capabilities: 44 45 46 
Users: 66 77 

Role 17 Capabilities: 9 10 11 12 13 14 15 49 50 51 52 53 54 55 56 
Users: 68 72 

Role 18 Capabilities: 47 48 
Users: 69 70 71 

Role 19 Capabilities: 9 10 11 12 13 14 15 49 50 51 52 55 56 57 58 
Users: 72 145 

Role 20 Capabilities: 46 59 60 65 
Users: 73 74 75 76 

Role 21 Capabilities: 60 65 
Users: 78 79 80 81 82 85 86 

Role 22 Capabilities: 61 62 63 
Users: 83 84 

Role 23 Capabilities: 64 66 
Users: 87 88 89 90 91 92 93 94 

Role 24 Capabilities: 66 
Users: 95 96 

Role 25 Capabilities: 9 10 11 12 13 14 15 67 68 69 70 71 72 73 74 75 76 77 78 79 80 81 82 83 84 85 86 87 88 89 90 91 92 93 94 95 96 97 98 99 100 101 
Users: 98 

Role 26 Capabilities: 69 102 
Users: 99 100 101 102 

Role 27 Capabilities: 67 68 69 
Users: 103 

Role 28 Capabilities: 69 
Users: 104 105 106 107 108 109 110 111 112 113 114 115 116 117 118 119 120 121 122 123 124 125 126 127 128 129 130 131 132 133 134 135 136 137 138 139 140 141 142 

Role 29 Capabilities: 103 104 105 
Users: 143 150 

Role 30 Capabilities: 106 107 108 109 110 111 112 113 114 
Users: 145 

Role 31 Capabilities: 105 115 116 
Users: 146 147 148 149 

Role 32 Capabilities: 116 
Users: 151 152 153 154 155 156 157 

Role 33 Capabilities: 117 
Users: 158 159 160 161 162 163 164 165 166 167 168 169 170 171 172 173 174 

Role 34 Capabilities: 9 10 11 12 118 119 120 121 
Users: 177 

Role 35 Capabilities: 122 123 124 125 
Users: 178 

Role 36 Capabilities: 126 127 128 1037 1040 1041 
Users: 179 180 181 182 

Role 37 Capabilities: 128 1041 
Users: 183 184 185 186 

Role 38 Capabilities: 129 
Users: 187 188 

Role 39 Capabilities: 130 131 
Users: 189 190 

Role 40 Capabilities: 132 
Users: 191 193 208 210 1761 1769 1785 1802 1818 1838 

Role 41 Capabilities: 138 140 141 
Users: 194 195 196 197 

Role 42 Capabilities: 138 139 142 
Users: 198 

Role 43 Capabilities: 141 
Users: 199 200 201 202 

Role 44 Capabilities: 143 144 145 146 
Users: 203 204 

Role 45 Capabilities: 147 
Users: 205 206 207 

Role 46 Capabilities: 148 150 151 
Users: 211 212 213 214 

Role 47 Capabilities: 148 149 152 
Users: 215 

Role 48 Capabilities: 151 
Users: 216 217 218 219 

Role 49 Capabilities: 153 154 155 156 
Users: 220 221 

Role 50 Capabilities: 157 
Users: 222 223 224 

Role 51 Capabilities: 9 10 11 12 13 14 15 70 71 72 73 76 96 158 159 163 164 165 166 167 168 169 170 171 172 173 174 175 176 177 178 179 180 181 182 183 184 185 186 187 188 
Users: 225 

Role 52 Capabilities: 160 161 162 
Users: 226 235 

Role 53 Capabilities: 9 10 11 12 13 163 
Users: 228 

Role 54 Capabilities: 189 
Users: 229 230 

Role 55 Capabilities: 162 190 191 192 
Users: 231 232 233 234 

Role 56 Capabilities: 191 192 
Users: 236 237 238 239 240 241 

Role 57 Capabilities: 193 
Users: 242 243 244 245 246 247 

Role 58 Capabilities: 192 
Users: 248 249 250 251 252 253 254 255 256 257 258 259 260 261 262 263 264 265 266 267 268 269 270 271 272 273 274 275 276 277 278 

Role 59 Capabilities: 194 195 196 197 
Users: 279 

Role 60 Capabilities: 9 10 11 12 13 14 15 198 199 200 201 205 206 
Users: 282 283 

Role 61 Capabilities: 195 196 197 
Users: 289 

Role 62 Capabilities: 197 
Users: 285 286 287 288 290 

Role 63 Capabilities: 205 
Users: 281 284 285 286 287 288 291 292 293 294 295 296 297 298 299 300 301 302 303 304 

Role 64 Capabilities: 202 
Users: 280 281 283 284 285 286 287 288 291 292 293 294 295 296 297 298 299 300 301 303 304 305 

Role 65 Capabilities: 203 
Users: 280 281 282 284 285 286 287 288 291 292 293 294 295 296 297 298 299 300 301 304 305 306 

Role 66 Capabilities: 204 
Users: 280 281 285 286 287 288 291 292 293 294 295 296 297 298 299 300 301 302 303 305 307 308 309 310 311 312 313 314 315 322 

Role 67 Capabilities: 209 210 211 
Users: 316 327 

Role 68 Capabilities: 212 213 214 
Users: 317 328 

Role 69 Capabilities: 215 216 217 
Users: 318 329 

Role 70 Capabilities: 218 219 220 
Users: 319 330 

Role 71 Capabilities: 221 222 223 
Users: 320 331 

Role 72 Capabilities: 224 225 226 
Users: 321 332 

Role 73 Capabilities: 9 10 11 12 13 14 15 198 199 200 
Users: 280 281 284 322 

Role 74 Capabilities: 201 211 214 217 220 223 226 
Users: 323 324 325 326 

Role 75 Capabilities: 201 
Users: 280 284 285 286 287 288 291 292 293 294 295 296 297 298 299 300 302 304 305 333 334 335 336 337 338 339 340 341 342 343 

Role 76 Capabilities: 227 228 229 
Users: 344 350 

Role 77 Capabilities: 9 10 11 12 13 14 15 230 
Users: 345 360 

Role 78 Capabilities: 229 231 
Users: 346 347 348 349 

Role 79 Capabilities: 231 
Users: 351 352 353 354 355 356 357 358 

Role 80 Capabilities: 232 233 234 
Users: 359 365 

Role 81 Capabilities: 234 235 
Users: 361 362 363 364 

Role 82 Capabilities: 235 
Users: 366 367 368 369 370 371 372 373 

Role 83 Capabilities: 236 237 238 
Users: 374 382 

Role 84 Capabilities: 239 240 241 
Users: 375 383 

Role 85 Capabilities: 9 10 11 12 13 14 15 71 72 81 86 87 89 96 99 100 178 179 180 181 182 183 184 187 207 208 242 243 244 245 246 247 248 249 250 251 252 253 254 255 256 257 258 259 260 261 262 263 264 265 266 267 
Users: 376 377 

Role 86 Capabilities: 238 241 268 269 
Users: 378 379 380 381 

Role 87 Capabilities: 268 269 
Users: 384 385 386 387 388 389 390 391 392 393 394 395 396 397 398 399 400 401 402 403 404 405 406 407 408 409 410 411 412 413 414 415 416 417 418 419 420 421 422 423 424 425 426 427 428 429 430 431 432 433 434 435 

Role 88 Capabilities: 1 2 4 9 10 11 12 13 270 271 272 273 274 275 
Users: 436 438 

Role 89 Capabilities: 276 277 278 
Users: 437 

Role 90 Capabilities: 279 
Users: 439 

Role 91 Capabilities: 280 
Users: 440 441 

Role 92 Capabilities: 281 285 
Users: 442 443 444 445 446 447 448 449 450 451 452 453 

Role 93 Capabilities: 282 283 284 
Users: 454 

Role 94 Capabilities: 286 
Users: 455 456 

Role 95 Capabilities: 287 
Users: 456 

Role 96 Capabilities: 1 2 4 270 
Users: 457 458 459 710 711 712 1731 

Role 97 Capabilities: 2 4 9 10 11 12 
Users: 51 459 472 495 514 531 564 565 566 587 599 613 632 633 662 680 693 710 711 712 726 750 766 771 801 826 849 872 879 911 951 964 976 990 1001 1016 1031 1032 1047 1062 1063 1086 1109 1130 1145 1146 1164 1183 1198 1199 1200 1201 1221 1234 1254 1256 1282 1295 1309 1326 1353 1370 1388 1403 1418 1434 1457 1474 1517 1535 1536 1552 1572 1590 1607 1625 1658 1672 1673 1687 1700 1701 1716 1717 1731 1763 1771 1787 1788 1804 1820 1840 1859 1886 1912 1946 1967 1983 2032 

Role 98 Capabilities: 122 288 
Users: 460 991 

Role 99 Capabilities: 289 290 291 
Users: 461 462 463 464 

Role 100 Capabilities: 291 
Users: 465 466 467 468 

Role 101 Capabilities: 292 293 
Users: 469 

Role 102 Capabilities: 294 295 296 
Users: 470 477 

Role 103 Capabilities: 13 14 15 81 86 87 89 99 100 207 208 297 
Users: 472 

Role 104 Capabilities: 296 298 299 
Users: 473 474 475 476 

Role 105 Capabilities: 299 
Users: 478 479 480 481 482 483 484 485 486 487 488 489 490 491 492 493 

Role 106 Capabilities: 300 301 302 
Users: 494 500 

Role 107 Capabilities: 13 14 15 72 265 267 303 
Users: 495 801 872 

Role 108 Capabilities: 302 304 
Users: 496 497 498 499 

Role 109 Capabilities: 304 
Users: 501 502 503 504 505 506 507 508 509 510 511 

Role 110 Capabilities: 305 306 307 
Users: 512 519 

Role 111 Capabilities: 13 14 15 
Users: 514 531 564 565 566 599 613 632 633 662 680 726 750 826 849 879 911 951 964 976 1016 1031 1032 1047 1062 1063 1086 1109 1130 1145 1146 1164 1165 1183 1198 1199 1200 1201 1221 1234 1254 1256 1282 1295 1309 1326 1353 1370 1388 1403 1418 1434 1457 1474 1517 1535 1536 1552 1572 1590 1607 1625 1687 1700 1701 1716 1717 1763 1771 1787 1788 1804 1859 1912 1946 1967 1983 2032 

Role 112 Capabilities: 307 308 309 
Users: 515 516 517 518 

Role 113 Capabilities: 309 
Users: 520 521 522 523 524 525 526 

Role 114 Capabilities: 310 311 
Users: 527 528 

Role 115 Capabilities: 100 208 318 319 320 321 322 323 324 325 326 327 328 329 330 331 332 
Users: 531 

Role 116 Capabilities: 310 312 313 314 
Users: 527 532 

Role 117 Capabilities: 310 333 
Users: 532 533 

Role 118 Capabilities: 314 317 334 335 336 
Users: 534 535 536 537 

Role 119 Capabilities: 315 316 317 
Users: 528 538 

Role 120 Capabilities: 336 
Users: 539 540 541 542 543 544 545 547 548 549 550 551 552 553 554 555 556 557 558 559 560 561 

Role 121 Capabilities: 337 
Users: 546 

Role 122 Capabilities: 338 339 340 
Users: 562 571 

Role 123 Capabilities: 341 342 343 344 345 346 347 
Users: 564 565 

Role 124 Capabilities: 341 347 348 349 350 351 352 
Users: 566 

Role 125 Capabilities: 340 353 354 356 358 
Users: 567 568 569 570 

Role 126 Capabilities: 355 357 359 
Users: 571 

Role 127 Capabilities: 354 356 358 
Users: 572 573 574 575 576 577 578 579 580 581 582 583 584 

Role 128 Capabilities: 360 361 362 363 364 365 366 
Users: 587 

Role 129 Capabilities: 367 368 369 
Users: 588 589 590 591 

Role 130 Capabilities: 369 
Users: 592 593 594 595 

Role 131 Capabilities: 370 
Users: 596 

Role 132 Capabilities: 371 372 373 
Users: 597 605 

Role 133 Capabilities: 373 374 375 
Users: 601 602 603 604 

Role 134 Capabilities: 375 
Users: 606 607 608 609 610 611 612 

Role 135 Capabilities: 376 377 378 379 380 
Users: 613 

Role 136 Capabilities: 378 
Users: 614 615 616 617 618 619 620 621 622 623 624 625 626 627 

Role 137 Capabilities: 376 377 
Users: 618 

Role 138 Capabilities: 387 388 389 390 391 392 
Users: 628 629 630 631 659 660 661 

Role 139 Capabilities: 393 394 395 396 397 398 399 400 401 402 403 404 
Users: 632 633 

Role 140 Capabilities: 383 386 401 402 405 406 
Users: 634 635 636 637 

Role 141 Capabilities: 381 382 383 384 385 386 
Users: 628 629 638 639 

Role 142 Capabilities: 381 384 407 408 409 410 411 412 413 414 415 416 
Users: 640 641 

Role 143 Capabilities: 401 402 
Users: 642 643 644 645 646 647 648 649 650 651 652 653 654 655 656 657 658 

Role 144 Capabilities: 417 418 
Users: 647 648 

Role 145 Capabilities: 419 420 421 422 423 424 
Users: 659 660 667 668 

Role 146 Capabilities: 387 390 
Users: 662 

Role 147 Capabilities: 421 424 425 433 
Users: 663 664 665 666 

Role 148 Capabilities: 419 422 426 427 428 429 430 431 432 434 
Users: 669 670 

Role 149 Capabilities: 433 
Users: 671 672 673 674 675 676 677 

Role 150 Capabilities: 435 436 437 
Users: 678 685 

Role 151 Capabilities: 437 438 439 
Users: 681 682 683 684 

Role 152 Capabilities: 439 
Users: 686 687 688 689 690 691 692 

Role 153 Capabilities: 440 441 442 443 444 445 446 447 
Users: 693 

Role 154 Capabilities: 448 
Users: 694 695 696 697 698 699 700 701 707 708 709 

Role 155 Capabilities: 449 
Users: 702 703 704 705 706 

Role 156 Capabilities: 450 
Users: 712 

Role 157 Capabilities: 122 
Users: 713 

Role 158 Capabilities: 451 452 453 
Users: 714 715 716 717 718 719 720 721 

Role 159 Capabilities: 454 
Users: 722 

Role 160 Capabilities: 455 
Users: 723 

Role 161 Capabilities: 456 457 458 
Users: 724 731 

Role 162 Capabilities: 81 86 87 89 99 100 207 208 459 
Users: 726 

Role 163 Capabilities: 458 460 461 
Users: 727 728 729 730 

Role 164 Capabilities: 461 
Users: 732 733 734 735 736 737 738 739 740 741 742 743 744 745 746 747 

Role 165 Capabilities: 462 463 464 
Users: 748 755 

Role 166 Capabilities: 464 465 466 
Users: 751 752 753 754 

Role 167 Capabilities: 466 
Users: 756 757 758 759 760 761 762 

Role 168 Capabilities: 3 393 394 
Users: 764 766 771 1109 

Role 169 Capabilities: 467 468 469 470 471 472 473 474 475 476 477 478 479 480 481 
Users: 766 

Role 170 Capabilities: 482 483 484 485 486 487 488 489 490 491 492 493 494 495 496 
Users: 767 770 

Role 171 Capabilities: 497 
Users: 768 769 

Role 172 Capabilities: 498 499 500 
Users: 770 

Role 173 Capabilities: 501 502 503 504 505 506 507 508 509 
Users: 772 773 

Role 174 Capabilities: 510 511 513 514 
Users: 774 775 776 777 

Role 175 Capabilities: 514 549 
Users: 775 776 777 780 781 782 783 

Role 176 Capabilities: 512 515 516 517 518 519 520 521 522 550 551 552 561 562 
Users: 778 779 

Role 177 Capabilities: 523 
Users: 784 785 786 787 788 789 791 792 

Role 178 Capabilities: 524 525 526 527 528 532 543 544 545 
Users: 790 

Role 179 Capabilities: 527 528 529 530 531 532 543 544 545 546 547 548 
Users: 793 794 

Role 180 Capabilities: 533 534 535 
Users: 795 

Role 181 Capabilities: 536 537 538 539 
Users: 796 

Role 182 Capabilities: 540 541 542 543 
Users: 797 

Role 183 Capabilities: 552 553 554 555 556 557 558 559 560 562 563 564 565 566 567 568 569 570 
Users: 798 

Role 184 Capabilities: 81 86 87 89 94 99 100 
Users: 801 826 911 1086 

Role 185 Capabilities: 571 572 573 584 585 586 
Users: 802 803 804 805 

Role 186 Capabilities: 573 
Users: 806 807 808 809 810 811 812 813 814 815 816 817 818 819 820 821 822 823 

Role 187 Capabilities: 576 577 578 
Users: 827 828 829 830 

Role 188 Capabilities: 578 
Users: 831 832 833 834 835 836 837 838 839 840 841 842 843 844 845 846 849 879 

Role 189 Capabilities: 49 50 51 52 55 56 113 574 
Users: 849 

Role 190 Capabilities: 575 579 580 
Users: 850 851 852 853 

Role 191 Capabilities: 575 
Users: 826 854 855 856 857 858 859 860 861 862 

Role 192 Capabilities: 581 
Users: 863 864 865 866 867 868 869 

Role 193 Capabilities: 582 583 584 
Users: 870 873 

Role 194 Capabilities: 586 
Users: 806 807 808 809 810 811 812 813 814 815 816 817 819 820 821 822 823 874 875 

Role 195 Capabilities: 587 588 589 
Users: 876 884 

Role 196 Capabilities: 590 591 592 
Users: 877 885 

Role 197 Capabilities: 86 87 89 574 593 594 595 596 597 
Users: 879 

Role 198 Capabilities: 574 589 592 598 
Users: 880 881 882 883 

Role 199 Capabilities: 574 
Users: 826 886 887 888 889 890 891 892 893 894 895 896 897 898 899 900 901 902 903 904 905 906 907 

Role 200 Capabilities: 599 600 601 
Users: 908 916 

Role 201 Capabilities: 602 603 604 
Users: 909 917 

Role 202 Capabilities: 70 71 72 73 80 169 253 263 324 605 606 607 608 609 610 611 612 613 614 
Users: 911 

Role 203 Capabilities: 601 604 615 616 
Users: 912 913 914 915 

Role 204 Capabilities: 616 
Users: 918 919 920 921 922 923 924 925 926 927 928 929 930 931 932 933 934 935 936 937 938 939 940 941 942 943 944 945 946 947 948 949 950 

Role 205 Capabilities: 617 618 619 
Users: 951 956 

Role 206 Capabilities: 619 
Users: 952 953 954 955 957 958 959 960 961 962 963 

Role 207 Capabilities: 620 
Users: 965 966 967 968 969 970 971 972 973 974 975 

Role 208 Capabilities: 621 
Users: 977 978 979 980 981 982 983 984 985 986 987 

Role 209 Capabilities: 622 623 624 
Users: 992 993 994 995 

Role 210 Capabilities: 624 
Users: 996 997 998 999 

Role 211 Capabilities: 625 626 
Users: 1000 

Role 212 Capabilities: 627 628 629 630 631 632 633 634 635 
Users: 1001 

Role 213 Capabilities: 636 637 638 639 
Users: 1002 

Role 214 Capabilities: 640 
Users: 1003 1004 1005 1006 1007 1008 1009 1010 

Role 215 Capabilities: 641 642 643 
Users: 1011 1012 1013 

Role 216 Capabilities: 644 645 
Users: 1014 1015 

Role 217 Capabilities: 646 647 648 
Users: 1016 1021 

Role 218 Capabilities: 648 
Users: 1017 1018 1019 1020 1022 1023 1024 1025 1026 1027 1028 

Role 219 Capabilities: 311 
Users: 1029 1045 

Role 220 Capabilities: 651 652 653 654 
Users: 1033 1034 1035 1036 

Role 221 Capabilities: 649 650 651 
Users: 1029 1037 

Role 222 Capabilities: 653 654 
Users: 1038 1039 1040 1041 1042 1043 1044 

Role 223 Capabilities: 654 657 658 
Users: 1048 1049 1050 1051 

Role 224 Capabilities: 655 656 657 
Users: 1045 1052 

Role 225 Capabilities: 654 
Users: 1053 1054 1055 1056 1057 1058 1059 

Role 226 Capabilities: 659 660 661 
Users: 1060 1068 

Role 227 Capabilities: 71 72 74 75 76 173 613 614 
Users: 1062 1063 

Role 228 Capabilities: 661 662 663 664 
Users: 1064 1065 1066 1067 

Role 229 Capabilities: 663 664 
Users: 1069 1070 1071 1072 1073 1074 1075 1076 1077 1078 1079 1080 1081 1082 1083 

Role 230 Capabilities: 665 666 667 668 669 
Users: 1084 1091 

Role 231 Capabilities: 669 670 671 
Users: 1087 1088 1089 1090 

Role 232 Capabilities: 665 666 
Users: 1086 1092 

Role 233 Capabilities: 671 
Users: 1093 1094 1095 1096 1097 1098 1099 1100 1101 1102 1103 1104 1105 1106 

Role 234 Capabilities: 672 673 674 
Users: 1107 1114 

Role 235 Capabilities: 81 86 87 89 675 676 
Users: 1109 

Role 236 Capabilities: 674 677 678 
Users: 1110 1111 1112 1113 

Role 237 Capabilities: 678 
Users: 1115 1116 1117 1118 1119 1120 1121 1122 1123 1124 1125 1126 1127 

Role 238 Capabilities: 679 
Users: 1120 1121 

Role 239 Capabilities: 680 681 682 
Users: 1128 1135 

Role 240 Capabilities: 682 683 684 
Users: 1131 1132 1133 1134 

Role 241 Capabilities: 684 
Users: 1136 1137 1138 1139 1140 1141 1142 

Role 242 Capabilities: 685 686 687 
Users: 1143 1151 

Role 243 Capabilities: 688 689 690 
Users: 1145 1146 

Role 244 Capabilities: 687 691 692 693 928 
Users: 1147 1148 1149 1150 

Role 245 Capabilities: 692 693 
Users: 1152 1153 1154 1155 1156 1157 1158 1159 1160 1161 

Role 246 Capabilities: 694 695 696 
Users: 1162 1170 

Role 247 Capabilities: 697 
Users: 1164 1165 

Role 248 Capabilities: 698 699 700 701 
Users: 1165 

Role 249 Capabilities: 696 702 703 704 931 
Users: 1166 1167 1168 1169 

Role 250 Capabilities: 703 
Users: 1171 1172 1173 1174 1175 1176 1177 1178 

Role 251 Capabilities: 704 
Users: 1175 1176 1177 1178 1179 1180 1181 1182 

Role 252 Capabilities: 705 706 707 
Users: 1183 1188 

Role 253 Capabilities: 707 
Users: 1184 1185 1186 1187 1189 1190 1191 1192 1193 1194 1195 

Role 254 Capabilities: 708 709 710 
Users: 1196 1206 

Role 255 Capabilities: 718 
Users: 1198 1200 1201 1295 1309 

Role 256 Capabilities: 711 712 713 714 715 716 717 
Users: 1198 1199 1200 1201 

Role 257 Capabilities: 710 719 720 723 726 729 
Users: 1202 1203 1204 1205 

Role 258 Capabilities: 720 723 726 729 
Users: 1207 1208 1209 1210 1211 1215 1216 1217 

Role 259 Capabilities: 721 724 727 730 
Users: 1212 1213 1214 1217 

Role 260 Capabilities: 722 725 728 731 
Users: 1214 1217 

Role 261 Capabilities: 720 726 729 
Users: 1218 

Role 262 Capabilities: 732 733 734 
Users: 1219 1226 

Role 263 Capabilities: 734 735 736 
Users: 1222 1223 1224 1225 

Role 264 Capabilities: 736 
Users: 1227 1228 1229 1230 1231 1232 1233 

Role 265 Capabilities: 96 183 737 738 739 740 741 742 743 744 
Users: 1234 

Role 266 Capabilities: 739 
Users: 1235 1236 1237 1238 1239 1240 1241 1242 1243 1244 1245 1246 1247 1248 1249 1250 1251 1252 1253 

Role 267 Capabilities: 737 738 
Users: 1239 

Role 268 Capabilities: 71 72 74 75 77 78 80 82 96 303 745 746 747 750 
Users: 1254 

Role 269 Capabilities: 71 72 74 75 77 78 80 82 96 303 745 746 747 750 751 752 
Users: 1256 

Role 270 Capabilities: 747 750 753 
Users: 1257 1258 1259 1260 

Role 271 Capabilities: 745 746 747 748 749 750 
Users: 1254 1261 1262 

Role 272 Capabilities: 747 750 
Users: 1263 1264 1265 1266 1267 1268 1269 1270 1271 1272 1273 1274 1275 1276 1277 1278 1279 

Role 273 Capabilities: 754 755 756 
Users: 1280 1287 

Role 274 Capabilities: 756 757 758 934 
Users: 1283 1284 1285 1286 

Role 275 Capabilities: 758 
Users: 1288 1289 1290 1291 1292 1293 1294 

Role 276 Capabilities: 761 
Users: 1296 1297 1298 1299 1300 1301 1302 1303 1304 1305 1306 1307 1308 

Role 277 Capabilities: 759 760 761 
Users: 1295 1300 

Role 278 Capabilities: 764 
Users: 1310 1311 1312 1313 1314 1315 1316 1317 1318 1319 1320 1321 1322 1323 

Role 279 Capabilities: 762 763 764 
Users: 1309 1314 

Role 280 Capabilities: 766 767 768 
Users: 1324 1334 

Role 281 Capabilities: 9 10 11 12 13 14 15 81 86 87 89 99 100 207 208 
Users: 284 872 879 1326 

Role 282 Capabilities: 769 770 771 
Users: 1328 1329 

Role 283 Capabilities: 768 772 773 774 
Users: 1330 1331 1332 1333 

Role 284 Capabilities: 773 
Users: 1335 1336 1337 1338 1339 1340 1341 1342 1343 1344 1345 1346 1347 1348 1349 

Role 285 Capabilities: 775 777 
Users: 1350 1352 

Role 286 Capabilities: 776 778 
Users: 1351 1352 

Role 287 Capabilities: 779 780 781 782 783 784 786 
Users: 1353 

Role 288 Capabilities: 785 
Users: 1354 

Role 289 Capabilities: 781 
Users: 1355 1356 1357 1358 1359 1360 1361 1362 1363 1364 1365 1366 1367 1368 1369 

Role 290 Capabilities: 779 780 
Users: 1359 

Role 291 Capabilities: 789 
Users: 1371 1372 1373 1374 1375 1376 1377 1378 1379 1380 1381 1382 1383 1384 1385 

Role 292 Capabilities: 787 788 789 
Users: 1370 1375 

Role 293 Capabilities: 791 792 793 
Users: 1386 1393 

Role 294 Capabilities: 793 794 795 
Users: 1389 1390 1391 1392 

Role 295 Capabilities: 795 
Users: 1394 1395 1396 1397 1398 1399 1400 

Role 296 Capabilities: 796 797 798 
Users: 1401 1408 

Role 297 Capabilities: 798 799 800 937 
Users: 1404 1405 1406 1407 

Role 298 Capabilities: 800 
Users: 1409 1410 1411 1412 1413 1414 1415 

Role 299 Capabilities: 801 802 803 
Users: 1416 1423 

Role 300 Capabilities: 765 
Users: 1309 1418 

Role 301 Capabilities: 803 804 805 
Users: 1419 1420 1421 1422 

Role 302 Capabilities: 805 
Users: 1424 1425 1426 1427 1428 1429 1430 1431 

Role 303 Capabilities: 806 807 808 
Users: 1432 1439 

Role 304 Capabilities: 272 274 675 809 810 811 812 813 814 815 816 817 818 819 
Users: 1434 

Role 305 Capabilities: 808 820 821 940 
Users: 1435 1436 1437 1438 

Role 306 Capabilities: 821 
Users: 1440 1441 1442 1443 1444 1445 1446 1447 1448 1449 1450 1451 1452 1453 1454 

Role 307 Capabilities: 822 
Users: 1445 1446 1447 1448 

Role 308 Capabilities: 823 
Users: 1447 1448 

Role 309 Capabilities: 824 825 826 
Users: 1455 1462 

Role 310 Capabilities: 827 828 
Users: 1457 

Role 311 Capabilities: 826 829 830 943 
Users: 1458 1459 1460 1461 

Role 312 Capabilities: 830 
Users: 1463 1464 1465 1466 1467 1468 1469 1470 

Role 313 Capabilities: 831 
Users: 1471 

Role 314 Capabilities: 832 833 834 
Users: 1472 1479 

Role 315 Capabilities: 19 21 835 836 837 838 839 840 841 842 843 844 845 846 847 848 849 850 851 852 853 854 855 856 857 858 859 860 
Users: 1474 

Role 316 Capabilities: 834 861 862 946 
Users: 1475 1476 1477 1478 

Role 317 Capabilities: 862 
Users: 1480 1481 1482 1483 1484 1485 1486 1487 1488 1489 1490 1491 1492 1493 1494 1495 1496 1497 1498 1499 1500 1501 1502 1503 1504 1505 1506 1507 1508 1509 1510 1511 1512 1513 1514 

Role 318 Capabilities: 863 864 865 
Users: 1515 1522 

Role 319 Capabilities: 718 866 867 
Users: 1517 

Role 320 Capabilities: 865 868 869 949 
Users: 1518 1519 1520 1521 

Role 321 Capabilities: 869 
Users: 1523 1524 1525 1526 1527 1528 1529 1530 1531 1532 

Role 322 Capabilities: 870 871 872 
Users: 1533 1541 

Role 323 Capabilities: 872 873 874 875 
Users: 1537 1538 1539 1540 

Role 324 Capabilities: 874 875 
Users: 1542 1543 1544 1545 1546 1547 1548 

Role 325 Capabilities: 882 
Users: 1549 1550 

Role 326 Capabilities: 882 883 884 885 886 887 
Users: 1552 

Role 327 Capabilities: 878 881 888 889 
Users: 1553 1554 1555 1556 

Role 328 Capabilities: 876 877 878 
Users: 1549 1557 

Role 329 Capabilities: 879 880 881 
Users: 1550 1558 

Role 330 Capabilities: 878 881 889 890 891 
Users: 1559 

Role 331 Capabilities: 889 
Users: 1560 1561 1562 1563 1564 1565 1566 1567 1568 1569 

Role 332 Capabilities: 892 893 894 
Users: 1570 1577 

Role 333 Capabilities: 895 896 897 
Users: 1572 

Role 334 Capabilities: 894 898 899 
Users: 1573 1574 1575 1576 

Role 335 Capabilities: 899 
Users: 1578 1579 1580 1581 1582 1583 1584 1585 1586 1587 

Role 336 Capabilities: 900 901 902 
Users: 1588 1595 

Role 337 Capabilities: 903 904 905 906 907 908 953 
Users: 1590 

Role 338 Capabilities: 902 909 910 952 
Users: 1591 1592 1593 1594 

Role 339 Capabilities: 910 
Users: 1596 1597 1598 1599 1600 1601 1602 

Role 340 Capabilities: 911 912 913 
Users: 1603 

Role 341 Capabilities: 911 914 915 954 
Users: 1604 

Role 342 Capabilities: 916 917 918 
Users: 1605 1612 

Role 343 Capabilities: 782 783 790 
Users: 1370 1607 

Role 344 Capabilities: 918 919 920 957 
Users: 1608 1609 1610 1611 

Role 345 Capabilities: 920 
Users: 1613 1614 1615 1616 1617 1618 1619 1620 1621 1622 

Role 346 Capabilities: 921 922 923 
Users: 1623 1630 

Role 347 Capabilities: 923 924 925 
Users: 1626 1627 1628 1629 

Role 348 Capabilities: 925 
Users: 1631 1632 1633 1634 1635 1636 1637 

Role 349 Capabilities: 926 927 928 
Users: 1638 1639 

Role 350 Capabilities: 929 930 931 
Users: 1640 1641 

Role 351 Capabilities: 932 933 934 
Users: 1642 1643 

Role 352 Capabilities: 935 936 937 
Users: 1644 1645 

Role 353 Capabilities: 938 939 940 
Users: 1646 1647 

Role 354 Capabilities: 941 942 943 
Users: 1648 1649 

Role 355 Capabilities: 944 945 946 
Users: 1650 1651 

Role 356 Capabilities: 947 948 949 
Users: 1652 1653 

Role 357 Capabilities: 950 951 952 
Users: 1654 1655 

Role 358 Capabilities: 955 956 957 
Users: 1656 1657 

Role 359 Capabilities: 445 958 959 960 961 
Users: 1658 

Role 360 Capabilities: 962 
Users: 1659 1660 1661 1662 1663 1664 1665 1666 1671 

Role 361 Capabilities: 963 
Users: 1667 1668 1669 1670 

Role 362 Capabilities: 964 
Users: 1674 

Role 363 Capabilities: 965 
Users: 1675 1676 1732 

Role 364 Capabilities: 966 967 
Users: 1677 1678 1679 1680 1681 1682 1683 1684 

Role 365 Capabilities: 968 
Users: 1685 

Role 366 Capabilities: 969 970 971 972 
Users: 1686 

Role 367 Capabilities: 973 974 975 
Users: 1687 1692 

Role 368 Capabilities: 975 
Users: 1688 1689 1690 1691 1693 1694 1695 1696 1697 1698 1699 

Role 369 Capabilities: 978 
Users: 1700 1701 

Role 370 Capabilities: 981 982 
Users: 1702 1703 1704 1705 1707 1708 1709 1710 1711 1712 1713 1714 

Role 371 Capabilities: 976 977 
Users: 1700 1706 

Role 372 Capabilities: 979 980 
Users: 1701 1715 

Role 373 Capabilities: 983 984 985 
Users: 1716 1722 

Role 374 Capabilities: 986 987 988 
Users: 1717 1730 

Role 375 Capabilities: 985 988 
Users: 1718 1719 1720 1721 1723 1724 1725 1726 1727 1728 1729 

Role 376 Capabilities: 159 989 990 991 992 993 994 995 996 997 998 999 1000 1001 1002 1003 1004 1005 1006 1007 1008 1009 1010 1011 1012 1013 1014 1015 1016 
Users: 1731 

Role 377 Capabilities: 1017 1018 1019 1020 
Users: 1732 

Role 378 Capabilities: 1017 1018 1019 1021 
Users: 1733 

Role 379 Capabilities: 1022 
Users: 1734 

Role 380 Capabilities: 1023 
Users: 1735 1736 1737 1738 1739 1740 1741 1742 

Role 381 Capabilities: 1024 
Users: 1743 1744 1745 1746 1747 1748 1749 1750 1751 1752 1753 1754 1755 1756 

Role 382 Capabilities: 1025 
Users: 1754 

Role 383 Capabilities: 1026 1027 1028 1030 1031 1032 
Users: 1757 

Role 384 Capabilities: 1026 1029 
Users: 1758 

Role 385 Capabilities: 1030 1031 1033 
Users: 1759 

Role 386 Capabilities: 1034 
Users: 1760 

Role 387 Capabilities: 1038 
Users: 1761 1763 

Role 388 Capabilities: 1035 1036 1037 
Users: 1761 1764 

Role 389 Capabilities: 1037 1039 
Users: 1765 

Role 390 Capabilities: 1041 
Users: 1766 1767 1768 

Role 391 Capabilities: 1044 1046 1047 
Users: 1772 1773 1774 1775 

Role 392 Capabilities: 1042 1043 1044 
Users: 1769 1776 

Role 393 Capabilities: 1044 1045 
Users: 1777 

Role 394 Capabilities: 1047 
Users: 1778 1779 1780 1781 1782 1783 1784 

Role 395 Capabilities: 1050 1052 1053 1054 
Users: 1789 1790 1791 1792 

Role 396 Capabilities: 1048 1049 1050 
Users: 1785 1793 

Role 397 Capabilities: 1050 1051 
Users: 1794 

Role 398 Capabilities: 1053 1054 
Users: 1795 1796 1797 1798 1799 1800 1801 

Role 399 Capabilities: 1057 1059 1060 
Users: 1805 1806 1807 1808 

Role 400 Capabilities: 1055 1056 1057 
Users: 1802 1809 

Role 401 Capabilities: 1057 1058 
Users: 1810 

Role 402 Capabilities: 1060 
Users: 1811 1812 1813 1814 1815 1816 1817 

Role 403 Capabilities: 9 10 11 12 133 134 135 136 137 
Users: 193 210 1820 1840 

Role 404 Capabilities: 1063 1065 1066 
Users: 1821 1822 1823 1824 

Role 405 Capabilities: 1061 1062 1063 
Users: 1818 1825 

Role 406 Capabilities: 1063 1064 
Users: 1826 

Role 407 Capabilities: 1066 
Users: 1827 1828 1829 1830 

Role 408 Capabilities: 1067 1068 1069 1070 
Users: 1831 1832 

Role 409 Capabilities: 1071 
Users: 1833 1834 1835 

Role 410 Capabilities: 138 1072 1073 
Users: 191 1836 

Role 411 Capabilities: 148 1074 1075 
Users: 208 1837 

Role 412 Capabilities: 1078 1080 1081 
Users: 1841 1842 1843 1844 

Role 413 Capabilities: 1076 1077 1078 
Users: 1838 1845 

Role 414 Capabilities: 1078 1079 
Users: 1846 

Role 415 Capabilities: 1081 
Users: 1847 1848 1849 1850 

Role 416 Capabilities: 1082 1083 1084 1085 1086 
Users: 1851 1852 

Role 417 Capabilities: 1086 
Users: 1853 1854 1855 

Role 418 Capabilities: 1087 
Users: 1856 

Role 419 Capabilities: 1088 1089 1090 
Users: 1857 1865 

Role 420 Capabilities: 71 74 75 76 176 613 614 1091 1092 1093 1094 
Users: 1859 

Role 421 Capabilities: 786 
Users: 1860 

Role 422 Capabilities: 1090 1095 1096 
Users: 1861 1862 1863 1864 

Role 423 Capabilities: 1096 
Users: 1866 1867 1868 1869 1870 1871 1872 1873 1874 1875 1876 1877 1878 1879 1880 1881 1882 1883 

Role 424 Capabilities: 1097 1098 1099 
Users: 1884 1891 

Role 425 Capabilities: 998 1100 1101 1102 1103 1104 1105 1106 1107 1108 1109 1110 1111 1112 1113 1114 1115 1116 1117 
Users: 1886 

Role 426 Capabilities: 1099 1118 1119 
Users: 1887 1888 1889 1890 

Role 427 Capabilities: 1119 
Users: 1892 1893 1894 1895 

Role 428 Capabilities: 1120 1121 
Users: 1896 

Role 429 Capabilities: 1122 
Users: 1897 1898 1899 1900 1901 1902 1903 1904 1905 1906 1907 1908 1909 1910 

Role 430 Capabilities: 1123 1124 1125 
Users: 1911 1917 

Role 431 Capabilities: 81 99 100 180 207 208 253 255 256 260 261 324 1126 1127 1128 1129 1130 
Users: 1912 

Role 432 Capabilities: 1125 1131 
Users: 1913 1914 1915 1916 

Role 433 Capabilities: 1131 
Users: 1918 1919 1920 1921 1922 1923 1924 1925 1926 1927 1928 1929 1930 1931 1932 1933 1934 1935 1936 1937 1938 1939 1940 1941 

Role 434 Capabilities: 1132 
Users: 1942 1947 

Role 435 Capabilities: 1133 
Users: 1943 1948 

Role 436 Capabilities: 1134 1135 1136 
Users: 1944 1953 

Role 437 Capabilities: 18 19 1137 1138 
Users: 1946 

Role 438 Capabilities: 1136 1139 1140 
Users: 1949 1950 1951 1952 

Role 439 Capabilities: 1140 
Users: 1954 1955 1956 1957 1958 1959 1960 1961 1962 1963 1964 

Role 440 Capabilities: 1141 1142 1143 
Users: 1965 1972 

Role 441 Capabilities: 1144 
Users: 1967 1983 

Role 442 Capabilities: 1143 1145 1146 
Users: 1968 1969 1970 1971 

Role 443 Capabilities: 1146 
Users: 1973 1974 1975 1976 1977 1978 1979 1980 

Role 444 Capabilities: 1147 1148 1149 
Users: 1981 1988 

Role 445 Capabilities: 1149 1150 1151 
Users: 1984 1985 1986 1987 

Role 446 Capabilities: 1151 
Users: 1989 1990 1991 1992 1993 1994 1995 1996 

Role 447 Capabilities: 1152 1155 1158 1159 
Users: 1997 1998 1999 2000 

Role 448 Capabilities: 1152 1153 1154 1155 
Users: 2001 

Role 449 Capabilities: 1152 1155 1156 1157 
Users: 2002 

Role 450 Capabilities: 1159 
Users: 2003 2004 2005 2006 2007 2008 2009 2010 2011 2012 2013 2014 2015 2016 2017 2018 2019 2020 2021 2022 2023 2024 2025 2026 2027 2028 2029 

Role 451 Capabilities: 1160 1161 1162 
Users: 2030 2037 

Role 452 Capabilities: 1162 1163 1164 
Users: 2033 2034 2035 2036 

Role 453 Capabilities: 1164 
Users: 2038 2039 2040 2041 2042 2043 2044 

