Number of roles = 20
Role 1 Capabilities: 2 
Users: 1 3 7 12 14 16 19 23 58 61 

Role 2 Capabilities: 3 4 5 6 7 8 9 10 11 12 13 14 15 16 17 18 19 20 21 22 
Users: 2 

Role 3 Capabilities: 22 
Users: 4 6 9 11 13 16 17 21 22 23 27 29 30 31 32 36 37 54 55 72 77 

Role 4 Capabilities: 23 
Users: 5 65 

Role 5 Capabilities: 20 
Users: 6 8 9 11 13 15 16 17 18 20 21 22 23 24 25 26 27 28 29 30 31 32 33 34 35 36 37 39 40 41 42 46 47 48 49 50 51 52 54 55 56 61 71 72 73 74 75 76 77 78 79 

Role 6 Capabilities: 10 
Users: 7 16 23 31 57 

Role 7 Capabilities: 24 
Users: 10 23 65 

Role 8 Capabilities: 9 21 25 26 27 28 29 30 31 32 
Users: 16 

Role 9 Capabilities: 4 6 8 10 12 14 15 17 19 25 28 31 33 34 35 36 37 38 39 40 41 42 43 44 45 46 47 48 49 50 51 52 53 54 55 56 57 58 59 60 61 62 63 64 65 66 67 68 69 70 71 72 73 74 75 76 77 78 79 80 81 82 83 84 85 86 87 88 89 90 91 92 93 94 95 96 97 98 99 100 101 102 103 104 105 106 107 108 109 110 111 112 113 114 115 116 117 118 119 120 121 
Users: 17 

Role 10 Capabilities: 2 24 26 99 122 123 
Users: 18 

Role 11 Capabilities: 90 
Users: 19 23 31 

Role 12 Capabilities: 4 6 8 9 12 13 14 15 17 25 26 27 28 29 30 31 33 34 35 36 37 38 39 40 41 42 43 44 45 46 47 48 49 50 51 52 53 54 55 56 57 58 59 60 61 62 63 64 65 66 67 68 69 70 71 72 73 74 75 76 77 78 79 80 81 82 83 84 85 86 87 88 89 91 92 93 94 95 96 97 98 99 100 101 102 103 104 105 106 107 108 109 110 111 112 113 114 115 116 117 118 119 120 121 123 124 125 126 127 128 129 130 131 132 133 134 135 136 137 138 139 140 141 142 143 144 145 146 147 148 149 150 151 152 153 154 155 156 157 158 159 160 161 162 163 164 165 166 167 168 169 170 171 172 173 174 175 176 177 178 179 180 181 182 183 184 185 186 187 188 189 190 191 192 193 194 195 196 197 198 199 200 201 202 203 204 205 206 207 208 209 210 211 212 213 214 215 216 217 218 219 
Users: 23 

Role 13 Capabilities: 1 4 6 8 11 12 13 14 15 17 19 24 25 26 27 28 30 31 33 34 36 37 38 39 40 41 42 43 44 45 46 47 48 49 50 51 52 53 54 55 56 57 58 59 60 61 62 63 64 65 66 67 68 69 70 71 72 73 74 75 76 77 78 79 80 81 82 83 84 85 86 87 88 89 91 92 93 94 95 96 97 98 99 100 101 102 103 104 105 106 107 108 109 110 111 112 113 114 115 116 117 118 119 120 121 140 150 167 172 174 182 220 221 222 223 
Users: 31 

Role 14 Capabilities: 4 6 8 10 12 14 15 17 25 28 31 33 34 35 36 37 38 39 40 41 42 43 44 45 46 47 48 49 50 51 52 53 54 55 56 57 58 59 60 61 62 63 64 65 66 67 68 69 70 71 72 73 74 75 76 77 78 79 80 81 82 83 84 85 87 88 89 90 91 92 93 94 95 96 97 98 99 100 101 102 103 104 105 106 107 108 109 110 111 112 113 114 115 116 117 118 119 120 121 189 224 225 226 227 
Users: 32 

Role 15 Capabilities: 21 
Users: 10 23 38 43 44 45 53 57 60 61 63 65 67 70 

Role 16 Capabilities: 3 9 11 
Users: 43 59 60 62 63 64 66 67 68 

Role 17 Capabilities: 1 
Users: 1 3 7 10 12 14 16 19 23 44 45 53 57 58 61 65 

Role 18 Capabilities: 31 
Users: 57 

Role 19 Capabilities: 5 7 9 13 29 30 57 82 86 151 158 178 179 187 228 229 230 231 
Users: 65 

Role 20 Capabilities: 2 9 
Users: 69 

