Number of roles = 66
Role 1 Capabilities: 695 
Users: 14 

Role 2 Capabilities: 347 
Users: 24 29 

Role 3 Capabilities: 345 
Users: 36 73 

Role 4 Capabilities: 600 
Users: 362 

Role 5 Capabilities: 1 2 3 4 5 6 7 8 9 10 11 12 13 14 15 16 17 18 19 21 25 36 37 38 39 40 41 42 43 44 45 46 47 48 49 50 51 53 55 57 59 61 63 66 68 70 72 74 79 81 83 86 88 89 91 100 102 104 106 108 110 112 114 116 119 121 123 125 128 130 132 134 136 138 147 148 149 150 152 153 154 155 156 157 158 159 160 161 162 163 165 166 169 171 172 173 175 177 179 180 181 183 185 187 188 189 190 191 193 195 197 202 203 205 207 209 211 213 215 217 219 221 222 223 225 227 231 232 233 234 235 237 238 239 242 246 248 250 251 252 253 254 255 256 257 258 259 260 261 262 263 264 265 266 267 268 269 270 271 272 274 275 276 279 282 284 285 286 287 288 289 290 291 292 293 294 295 296 297 298 299 300 301 302 303 304 305 306 307 308 310 311 312 313 314 315 316 317 318 319 320 321 322 323 324 325 326 327 328 329 330 331 332 333 334 335 336 337 338 339 340 341 342 343 344 345 346 347 348 353 354 356 357 358 359 360 361 362 363 364 365 366 367 368 369 370 377 385 386 387 388 389 451 453 454 455 456 457 458 459 460 461 462 463 464 465 466 467 468 469 470 471 472 473 474 475 476 477 478 479 480 481 482 483 484 485 486 487 488 489 490 491 492 499 561 562 564 569 580 581 582 583 584 585 586 587 588 589 590 591 592 593 594 595 596 597 598 599 600 601 602 603 604 605 606 607 608 609 610 611 612 613 614 615 616 617 618 619 621 622 623 625 627 629 630 631 632 633 634 635 636 637 638 639 640 641 643 666 673 674 675 676 677 678 679 680 681 682 683 684 685 686 687 688 689 690 691 692 693 694 695 696 697 698 699 700 701 702 703 704 705 706 707 708 709 
Users: 358 

Role 6 Capabilities: 45 133 135 139 140 447 550 552 554 
Users: 13 

Role 7 Capabilities: 162 172 373 514 
Users: 359 

Role 8 Capabilities: 330 331 
Users: 334 

Role 9 Capabilities: 346 
Users: 86 

Role 10 Capabilities: 359 361 
Users: 37 38 39 46 47 48 49 50 51 52 54 

Role 11 Capabilities: 373 375 
Users: 44 75 76 

Role 12 Capabilities: 630 642 
Users: 61 72 130 131 185 350 352 353 

Role 13 Capabilities: 273 624 
Users: 3 5 6 7 9 10 11 12 107 110 111 112 114 115 116 117 118 119 120 121 122 123 125 126 127 128 129 132 133 134 135 136 137 138 141 142 143 145 147 151 154 155 156 157 158 160 161 162 163 164 165 166 167 168 170 172 173 174 176 177 178 179 180 181 182 183 184 186 188 189 190 191 192 193 194 196 197 198 199 200 202 203 204 205 206 207 208 209 210 211 212 213 214 215 217 220 222 224 225 228 230 231 232 233 234 235 236 237 238 240 243 244 245 247 248 249 252 255 257 261 266 269 270 271 272 273 275 277 278 279 280 281 282 283 284 285 286 287 288 289 290 291 293 295 297 299 346 349 350 352 353 

Role 14 Capabilities: 273 624 642 
Users: 347 348 351 

Role 15 Capabilities: 7 656 
Users: 361 

Role 16 Capabilities: 7 645 656 
Users: 1 

Role 17 Capabilities: 29 30 
Users: 364 

Role 18 Capabilities: 328 
Users: 21 22 

Role 19 Capabilities: 371 576 
Users: 64 317 

Role 20 Capabilities: 273 469 470 624 
Users: 239 241 

Role 21 Capabilities: 531 535 536 
Users: 365 

Role 22 Capabilities: 332 
Users: 88 97 99 

Role 23 Capabilities: 334 
Users: 82 88 92 94 

Role 24 Capabilities: 273 335 624 
Users: 80 84 96 97 98 99 259 260 

Role 25 Capabilities: 383 435 638 640 642 
Users: 195 339 349 

Role 26 Capabilities: 32 33 34 275 
Users: 27 28 34 35 42 55 

Role 27 Capabilities: 325 340 531 542 
Users: 18 78 90 106 

Role 28 Capabilities: 320 353 538 
Users: 18 338 339 340 

Role 29 Capabilities: 273 322 323 391 392 624 
Users: 75 76 139 140 

Role 30 Capabilities: 518 525 546 548 557 
Users: 354 

Role 31 Capabilities: 566 567 569 571 572 
Users: 363 

Role 32 Capabilities: 569 645 
Users: 311 

Role 33 Capabilities: 167 178 182 273 278 592 624 626 
Users: 216 218 221 223 226 227 

Role 34 Capabilities: 671 
Users: 313 

Role 35 Capabilities: 28 273 624 
Users: 96 97 98 99 253 259 260 267 268 

Role 36 Capabilities: 411 
Users: 67 

Role 37 Capabilities: 273 594 624 
Users: 146 152 153 159 

Role 38 Capabilities: 506 651 
Users: 122 360 

Role 39 Capabilities: 273 499 624 645 
Users: 113 

Role 40 Capabilities: 273 494 495 624 
Users: 108 109 

Role 41 Capabilities: 273 624 658 
Users: 169 

Role 42 Capabilities: 273 320 329 353 355 538 624 
Users: 75 76 103 104 105 

Role 43 Capabilities: 578 651 
Users: 319 360 

Role 44 Capabilities: 312 373 514 559 
Users: 25 30 31 32 40 41 43 45 355 356 357 

Role 45 Capabilities: 311 313 322 375 497 504 516 520 
Users: 26 32 33 40 41 43 53 356 

Role 46 Capabilities: 273 602 624 
Users: 8 171 175 185 195 201 254 256 294 296 298 

Role 47 Capabilities: 188 189 190 273 451 453 594 624 666 
Users: 4 130 131 185 219 229 242 246 250 251 258 263 264 265 274 292 

Role 48 Capabilities: 273 624 666 
Users: 148 149 150 195 

Role 49 Capabilities: 273 435 624 
Users: 124 144 187 262 

Role 50 Capabilities: 26 27 28 29 30 31 32 33 34 35 378 379 380 381 382 383 384 390 391 392 393 394 395 396 397 398 399 400 401 402 403 404 405 406 407 408 409 410 411 412 413 414 415 416 417 418 419 420 421 422 423 424 425 426 427 428 429 430 431 432 433 434 435 436 437 438 439 440 441 442 443 444 445 446 447 448 449 450 452 644 645 646 647 648 649 650 651 652 653 654 655 656 657 658 659 660 661 662 663 664 665 667 668 669 670 671 672 
Users: 4 130 131 148 185 195 219 229 242 246 250 251 258 263 264 265 274 292 358 

Role 51 Capabilities: 6 7 8 10 12 14 16 18 22 23 24 372 373 374 375 376 388 465 476 493 494 495 496 497 498 499 500 501 502 503 504 505 506 507 508 509 510 511 512 513 514 515 516 517 518 519 520 521 522 523 524 525 526 527 528 529 530 531 532 533 534 535 536 537 538 539 540 541 542 543 544 545 546 547 548 549 550 551 552 553 554 555 556 557 558 559 560 562 563 581 584 585 587 589 675 683 693 
Users: 304 305 306 307 308 309 310 311 312 313 314 315 316 317 318 319 320 321 322 323 324 325 326 327 328 329 330 331 332 333 

Role 52 Capabilities: 2 4 20 47 48 52 54 56 58 60 62 64 65 67 69 71 75 76 77 78 80 82 84 85 87 90 92 94 95 96 97 99 101 105 107 109 111 113 115 117 118 120 122 124 126 131 133 135 139 140 141 142 143 144 145 146 153 155 157 158 160 192 194 196 198 199 200 202 204 206 208 210 212 214 216 218 221 222 223 236 240 241 243 244 245 247 249 565 566 567 568 569 570 571 572 573 574 575 576 577 578 579 
Users: 3 4 5 6 7 8 9 107 108 109 110 111 112 113 114 115 116 117 118 119 120 121 122 123 124 125 126 127 128 129 130 131 132 133 134 135 136 137 138 139 140 141 142 143 144 145 146 147 148 149 150 151 152 153 154 155 156 157 158 159 160 161 162 163 164 165 166 167 168 169 170 171 172 173 174 175 176 177 178 179 180 181 182 183 184 185 186 187 188 189 190 191 192 193 194 195 196 197 198 199 200 201 202 203 204 205 206 207 208 209 210 211 212 213 214 215 216 217 218 219 220 221 222 223 224 225 226 227 228 229 230 231 232 233 234 235 236 237 238 239 240 241 242 243 244 245 246 247 248 249 250 251 252 253 254 255 256 257 258 259 260 261 262 263 264 265 266 267 268 269 270 271 272 273 274 275 276 277 278 279 280 281 282 283 284 285 286 287 288 289 290 291 292 293 294 295 296 297 298 299 338 339 340 

Role 53 Capabilities: 20 52 54 56 58 60 62 64 65 67 69 71 75 76 77 78 80 82 84 85 87 90 92 94 95 96 97 99 101 105 107 109 111 113 115 117 118 120 122 124 126 131 133 135 139 140 141 142 143 144 145 146 192 194 196 198 199 200 204 206 208 210 212 214 216 218 
Users: 60 61 62 63 64 65 66 67 68 69 70 71 301 302 303 304 305 306 307 308 309 310 311 312 313 314 315 316 317 318 319 320 321 322 323 324 325 326 327 328 329 330 331 332 333 345 358 

Role 54 Capabilities: 390 391 392 393 394 395 396 397 398 399 400 401 402 403 404 405 406 407 408 409 410 411 412 413 414 415 416 417 418 419 420 421 422 423 424 425 426 427 428 429 430 431 432 433 434 436 437 438 439 440 441 442 443 444 445 446 447 448 449 450 451 452 453 
Users: 144 187 195 262 339 349 

Role 55 Capabilities: 73 93 98 103 127 129 137 151 201 220 224 226 273 624 
Users: 250 276 358 

Role 56 Capabilities: 565 566 567 568 569 570 571 572 573 574 575 576 577 578 579 
Users: 66 67 68 69 70 300 335 336 337 341 342 343 344 

Role 57 Capabilities: 167 178 182 277 278 281 301 626 
Users: 56 58 59 69 111 120 135 139 

Role 58 Capabilities: 236 240 241 243 244 245 247 249 
Users: 2 342 358 

Role 59 Capabilities: 273 320 329 353 355 373 538 624 
Users: 74 77 78 79 80 81 82 83 84 85 86 87 88 89 90 91 92 93 94 95 96 97 98 99 100 101 102 

Role 60 Capabilities: 168 170 184 186 280 309 
Users: 15 16 17 358 

Role 61 Capabilities: 349 350 351 352 355 
Users: 19 358 

Role 62 Capabilities: 363 365 367 369 379 
Users: 20 21 22 23 

Role 63 Capabilities: 373 375 391 392 
Users: 67 69 

Role 64 Capabilities: 167 178 182 278 626 
Users: 10 11 12 107 108 109 110 112 113 114 115 116 117 118 119 121 122 123 124 125 126 127 128 129 130 131 132 134 136 137 138 140 141 142 143 144 145 146 147 148 149 150 151 152 153 154 155 156 157 158 159 160 161 162 163 164 165 166 167 168 169 170 171 172 173 174 175 176 177 178 179 180 181 182 183 184 185 186 187 188 189 190 191 192 193 194 195 196 197 198 199 200 201 202 203 204 205 206 207 208 209 210 211 212 213 214 215 217 219 220 222 224 225 228 229 230 231 232 233 234 235 236 237 238 239 240 241 242 243 244 245 246 247 248 249 250 251 252 253 254 255 256 257 258 259 260 261 262 263 264 265 266 267 268 269 270 271 272 273 274 275 276 277 278 279 280 281 282 283 284 285 286 

Role 65 Capabilities: 228 229 230 
Users: 4 358 

Role 66 Capabilities: 164 167 174 176 178 182 277 278 281 283 620 626 628 
Users: 57 67 133 288 358 

